389 2
496 1
60 3
400 1
451 3
441 1
70 1
83 2
424 1
475 1
148 6
119 2
97 1
515 1
455 2
430 0
50 3
461 7
531 1
40 3
482 3
74 0
25 2
87 3
178 12
129 2
138 0
169 7
96 1
514 0
454 1
65 0
405 1
493 1
431 1
470 1
41 0
421 0
483 2
444 1
504 9
24 1
179 0
128 9
299 1
159 1
55 1
92 3
61 9
450 0
20 5
500 5
82 0
45 3
425 0
14 1
534 1
474 1
487 0
149 1
289 3
137 1
315 1
195 1
292 1
152 1
321 1
271 1
220 2
360 1
185 0
2 0
498 0
156 0
133 0
162 2
191 1
200 9
241 0
210 0
181 3
172 1
123 1
224 1
286 1
117 0
397 8
488 1
499 1
386 1
157 3
324 1
264 1
235 3
341 2
250 1
300 3
211 3
173 1
334 4
287 1
396 1
7 0
98 0
136 0
254 4
314 9
102 1
382 6
371 0
260 5
270 2
330 0
221 2
361 1
143 0
392 0
112 1
215 1
304 0
126 1
177 9
88 2
469 3
267 0
385 1
154 1
253 1
313 3
193 1
202 1
342 0
160 2
131 0
121 8
170 3
352 3
183 1
144 1
337 1
226 1
4 3
206 0
346 3
150 1
290 0
101 1
111 6
280 1
140 0
362 0
273 0
174 1
418 6
78 4
509 2
518 3
38 1
409 9
196 5
207 0
347 2
134 1
165 7
233 0
363 0
272 0
332 2
175 1
306 1
246 1
357 1
186 1
419 0
28 0
468 7
528 2
439 1
295 3
104 0
155 2
252 1
203 2
192 0
130 3
120 1
171 1
182 2
302 7
145 0
394 2
114 2
227 1
367 1
49 1
18 4
478 12
319 0
208 1
199 2
517 0
95 1
432 0
52 7
490 2
480 0
422 0
473 1
447 2
507 1
27 0
416 0
76 2
249 1
329 0
436 6
527 2
494 0
513 0
62 1
81 1
412 2
443 2
23 0
503 2
17 1
477 9
368 1
268 1
466 0
32 4
403 1
413 3
485 1
536 1
16 1
427 0
369 1
278 4
338 0
209 0
67 1
407 1
516 0
522 2
43 1
12 1
472 1
84 0
446 1
26 1
417 1
188 2
