ID 0
31962 0
160548 0
121001 0
144356 0
131870 1
26870 1
150541 2
47920 1
149904 1
15566 0
15537 0
15802 1
102546 0
5520 0
116046 0
160578 1
131685 0
102199 0
47965 0
47934 1
45541 0
131530 1
16342 0
37239 0
38387 1
121237 0
116033 1
102516 1
118918 0
35572 1
131612 1
37484 0
144384 1
171205 1
171027 0
47925 1
21062 0
131505 0
146097 0
147635 0
10010 1
15557 0
102506 0
143319 1
149892 1
38221 1
126990 0
5540 0
169108 0
149855 1
15807 0
47960 1
26680 0
150424 1
131781 2
120985 1
16380 0
144380 1
3421 1
15660 1
15693 0
2465 0
102197 1
131678 0
116048 0
163939 0
38389 0
102418 1
3123 1
102187 1
102216 1
118880 1
37938 0
102193 1
102202 0
149132 1
142442 0
144416 0
144507 0
120186 0
167312 0
148821 1
143266 0
45304 0
4773 0
131287 0
102366 0
17164 0
102212 0
38504 0
38415 1
15858 0
169106 0
15528 1
160522 0
144407 2
116178 1
102478 1
118786 1
35479 1
118775 0
28478 0
102227 1
116471 1
149063 2
102182 1
118761 1
102233 0
102207 1
5292 1
120212 1
115204 0
115195 1
102419 1
116059 1
3033 1
169095 1
102306 0
118782 0
149142 2
102223 2
116433 1
118911 0
118795 0
143287 1
38249 0
121179 1
143324 1
160602 0
35007 0
144492 1
102224 0
118875 1
2843 0
38517 0
150439 2
150528 1
47969 1
47938 0
118804 0
3131 0
3376 1
40857 0
144525 1
14593 0
102185 1
2962 1
37619 1
16389 1
5263 1
102194 1
144411 1
15678 1
5519 0
144487 1
3377 2
120325 1
38379 1
116228 0
143292 0
120162 1
144388 0
2846 1
116463 1
120999 1
2837 0
2456 1
147157 0
118794 2
133362 0
169130 1
144545 0
5568 2
116218 0
4552 0
2590 0
102240 1
15911 1
115308 0
116070 1
116044 1
121211 1
146077 0
102168 0
45714 1
131664 0
148969 0
102414 1
148829 0
15776 0
116031 1
15950 1
121177 0
121184 0
120179 0
116040 1
38391 0
121003 0
128771 0
102496 0
38222 1
121221 2
102434 0
118768 1
2838 0
26922 1
120996 1
2509 1
116035 1
102424 0
116306 0
48080 1
147690 0
124742 0
116041 1
15914 2
15757 0
116075 0
121220 1
37667 1
35441 1
131880 2
102398 1
102440 0
116111 0
15835 1
15975 1
149867 1
118759 1
150416 1
16007 0
41278 0
131665 0
150572 0
15887 1
5533 0
149877 0
121265 1
15951 0
