10240 1
10248 0
10249 1
10250 2
10252 2
10253 0
10254 1
10255 2
10256 1
10260 0
10261 2
10264 0
10265 1
10269 0
10272 0
10273 0
10276 0
10279 4
10281 1
10282 1
10283 0
10284 6
10288 0
10289 2
10291 11
10293 2
10295 2
10296 2
10299 1
10300 1
10302 0
10303 2
10305 1
10308 0
10310 6
10311 1
10312 5
10313 1
10314 1
10315 0
10320 4
10321 1
10322 4
10324 1
10325 0
10329 0
10331 0
10338 0
10342 0
10344 7
10349 1
10354 2
10356 8
10359 1
10360 9
10362 1
10365 5
10368 1
10369 3
10370 0
10394 0
10413 2
10414 1
10415 7
10417 2
10419 1
10422 1
10426 0
10428 0
10433 0
10437 1
10442 0
10445 1
10450 1
10453 0
10454 1
10455 1
10458 1
10461 0
10464 1
10468 1
10481 2
10482 1
10483 0
10484 4
10485 3
10486 1
10488 0
10496 3
104965 1
104968 1
10497 5
104974 0
104987 2
10499 1
104990 0
104994 0
105001 0
105005 1
105006 1
105015 11
10502 1
105024 1
105027 2
10503 1
105044 4
105046 4
105049 0
10505 1
105053 0
105055 0
105061 0
105067 7
10508 1
10509 2
105097 1
105098 7
105102 1
10511 3
10512 1
10513 0
10514 2
105145 1
10515 1
105151 2
105162 5
105168 1
105170 1
105174 2
105176 3
105178 0
105179 2
105184 0
105185 1
105186 0
105187 0
105188 2
105189 0
105190 1
105192 2
105200 1
105203 3
105204 1
105205 1
105206 0
105208 0
10521 0
105210 4
105211 0
105213 0
105215 1
105217 0
105221 1
105222 3
105223 3
105228 0
105238 0
105239 1
105244 1
105249 1
10525 1
105250 3
10534 1
10535 0
10539 0
10542 2
10544 1
10547 2
10548 1
10572 1
10576 1
10579 0
10581 6
10589 1
10591 1
10594 1
10596 2
10598 0
10599 0
10604 1
106064 1
106070 2
106086 2
106089 0
106095 0
106102 0
106107 1
106108 1
106109 0
106129 2
106150 0
106186 9
106198 0
106220 0
106252 0
106268 0
106301 2
106343 0
106360 1
106363 1
106366 2
106371 1
106372 1
106376 1
106380 1
106382 0
106385 1
106388 1
106389 2
106395 1
106404 2
106405 0
106406 1
106408 2
106410 0
106424 1
106425 0
106429 0
106432 2
106434 1
106437 2
106438 1
106442 0
106465 1
106469 1
106472 0
106474 6
106482 1
106484 1
106487 1
106489 2
106491 0
106492 0
107009 2
107028 0
107034 0
107041 0
107047 1
107109 7
110333 1
110352 2
110355 0
110359 0
110366 0
110371 1
110466 1
110539 0
110738 1
110744 0
110752 1
110764 0
110771 0
110775 1
110778 6
110785 11
110790 2
110793 1
110797 2
110801 7
110820 0
110822 0
110857 5
110869 2
110874 1
110894 0
110906 1
110914 1
110942 1
110947 0
110972 2
110974 3
110985 4
110991 1
110992 1
111294 1
111315 2
111324 0
111331 0
111381 0
111579 0
111586 2
111588 1
111591 2
111601 1
111602 2
111615 4
111619 1
111623 1
111628 6
111643 2
111645 0
111652 1
112096 1
112104 1
112105 2
112110 2
112115 0
112119 0
112123 0
112130 0
112134 1
112135 1
112136 6
112140 0
112141 2
112143 11
112155 2
112159 7
112161 6
112162 1
112169 4
112176 0
112178 0
112188 7
112200 8
112204 9
112206 1
112212 1
112213 3
112252 0
112257 0
112268 0
112272 1
112283 2
112285 2
112287 3
112288 3
112298 4
112310 3
113361 1
113366 3
113382 2
113390 0
113397 0
113447 0
113449 0
113530 0
113585 1
113630 0
113715 0
113739 0
113744 0
117683 1
117692 2
117708 0
117713 0
117720 0
117723 4
117725 1
117727 0
117735 11
117743 0
117757 1
117766 1
117770 0
117772 0
117774 4
117775 0
117792 2
117793 1
117794 2
117795 3
117796 0
117800 3
117803 0
117808 1
117809 0
117822 1
117823 1
117829 2
117830 2
117833 7
117845 8
117869 3
117872 1
117876 1
117883 0
117889 1
117893 0
117896 2
117919 0
117942 2
117952 0
117954 1
117955 1
117958 1
117959 1
117962 1
117964 0
117968 1
117969 0
117970 7
117972 5
117974 2
117981 1
117990 0
117991 2
117992 1
117996 1
117997 0
117998 1
117999 2
118001 6
118002 0
118003 3
118004 2
118026 2
118027 0
118028 1
118030 0
118033 1
118035 0
118040 7
118044 0
118045 0
118047 0
118075 1
118130 1
118138 0
118147 1
118148 1
118149 1
118150 1
118159 0
118160 1
118175 2
118176 1
118191 5
118197 1
118205 1
118208 2
118209 0
118213 2
118214 1
118215 1
118216 1
118218 1
118222 0
118224 1
118229 1
118231 2
118233 3
118235 0
118258 0
118259 0
118261 2
118263 1
118265 1
118267 1
118269 0
118270 1
118272 1
118278 2
118279 4
118281 2
118284 3
118286 2
118287 6
118301 1
118304 2
118308 1
118311 0
118312 1
118320 2
118337 1
118345 2
118347 1
118350 2
118361 0
118367 1
118368 2
118393 0
118395 6
118403 1
118410 2
118412 0
118413 0
118419 2
118424 1
118425 2
118426 2
118436 0
118439 1
118442 0
118446 1
118447 1
118451 1
118457 3
118459 1
118460 0
118933 1
118953 2
118960 0
118967 0
118973 0
118997 7
119000 6
119016 0
119018 0
119029 7
119113 0
119135 0
119180 4
119187 1
120603 1
120611 2
120615 1
120623 2
120626 0
120631 0
120638 0
120640 0
120643 1
120649 0
120652 11
120684 0
120686 0
120688 0
120693 0
120736 1
120747 0
120762 1
120764 2
120765 1
120772 1
120773 0
120780 0
120815 2
120826 2
120850 1
120851 1
120854 1
120857 2
120862 1
120863 1
120867 1
120870 2
120875 1
120878 1
120879 1
120885 1
120894 2
120896 1
120898 2
120900 0
120916 2
120918 3
120935 1
120936 1
120940 1
120946 3
121621 1
121630 0
121636 1
121639 1
121648 0
121649 1
121653 0
121660 0
121664 4
121666 1
121675 11
121706 4
121713 0
121729 7
121741 9
121744 1
121745 9
121750 5
121754 3
121803 0
121806 1
121808 2
121811 0
121813 1
121815 2
121816 0
121817 0
121819 2
121820 2
121826 1
121846 0
121850 1
121851 1
121899 1
121971 1
121972 0
121975 2
121976 1
121978 0
121982 1
121984 0
122004 1
122006 2
122013 2
122029 2
122031 1
122034 2
122045 2
122062 1
122087 2
122089 0
12297 0
12298 1
12315 2
12318 0
12322 0
12325 0
12332 0
12336 4
12338 1
12348 11
123555 1
123574 2
123581 0
123588 0
123593 1
12373 1
12388 0
12390 4
12392 0
124183 1
12420 9
124212 0
124219 0
12424 9
124242 0
12429 5
12432 1
124506 1
124510 1
124515 6
124530 2
124532 0
12457 0
12481 0
12484 1
12486 2
124886 0
12489 0
124893 0
124899 1
124909 11
12494 0
124953 0
12497 2
12505 7
125050 0
125058 2
125117 1
125123 1
125127 2
125134 2
125135 1
125143 4
125153 2
125161 0
125180 1
125211 2
125247 1
125258 0
125259 1
125261 1
125264 1
125267 1
125268 1
125269 0
125270 0
125274 1
125275 0
125278 0
125279 1
125284 3
125285 1
125287 2
125288 0
125295 0
125305 1
125310 1
125317 0
125322 3
125326 1
125333 1
125343 0
125344 0
125347 2
125348 0
125349 1
125350 3
125356 0
125359 1
125360 0
125377 1
125387 6
125395 1
125396 1
125399 1
125402 2
125407 1
125408 1
125412 1
125420 1
125424 2
125430 1
125441 1
125443 2
125445 0
125458 1
125466 0
125468 0
125500 2
125502 1
125505 2
125509 1
125510 1
125511 1
125512 2
125514 1
125516 0
125518 1
125520 1
125522 1
125523 1
125524 1
125526 1
125529 1
125534 2
125538 1
125541 1
125549 0
125551 0
125562 3
125577 1
125581 1
125583 3
125584 0
125587 6
125595 1
125597 1
125601 1
125602 0
125603 1
125604 1
125606 0
125607 0
125610 1
125612 1
125614 5
125615 1
125616 0
125617 0
125618 1
125620 1
125622 0
125623 1
125639 1
125640 1
12579 3
12641 1
12652 1
12654 1
12667 2
12668 1
12684 1
12685 1
12719 1
12729 0
12730 1
12732 1
12735 1
12738 1
12739 1
12740 0
12741 1
12746 1
12750 0
12751 1
12756 3
12757 5
12768 0
12795 3
12806 1
12811 0
12816 0
12819 2
12820 0
12821 1
12831 1
12832 0
128440 1
128466 0
128473 0
12849 1
128522 0
128524 0
128526 0
12859 6
128616 1
128628 0
128661 0
12867 1
128678 2
12871 1
12874 2
12884 1
12896 2
12947 2
13035 2
13036 1
13048 4
13115 1
13119 1
132560 2
132563 0
132568 0
132575 0
132581 1
132591 11
132611 7
132631 0
132635 0
132681 3
132683 0
132688 1
132691 1
132693 0
132747 0
132755 2
132835 1
132841 0
132851 0
132854 0
132855 0
132856 0
132860 0
132864 0
132865 0
132866 0
132880 0
132885 0
132908 3
132971 1
132984 2
133002 1
133054 0
133055 2
133060 1
133083 0
133087 0
133090 1
133094 2
133118 0
133131 1
133134 0
133141 1
133145 1
133148 0
133150 5
133153 1
133158 1
133160 1
133162 1
133164 1
133178 1
133184 1
133190 2
133193 1
133231 4
133235 1
133239 1
133241 3
133242 0
133256 0
133258 1
133260 0
133269 1
133270 0
133722 1
133748 0
133755 0
137653 1
137681 0
137688 0
137703 11
137712 1
137744 0
137852 5
137860 1
137902 2
137921 1
137923 5
137924 1
137925 0
137926 0
137927 1
137929 1
137931 0
137939 1
137954 1
137966 1
137967 2
137976 0
137979 1
137981 0
137984 0
137988 0
138002 11
138099 0
138162 1
138197 1
138198 0
138203 1
138214 1
138215 0
138219 1
138220 2
138221 2
138227 2
138878 2
138881 0
138887 0
138894 0
138898 4
138900 1
138910 11
138930 7
138949 0
138951 4
138962 0
138968 7
139075 2
139171 0
139186 0
139233 1
139321 2
139334 2
139357 1
139367 0
139368 1
139370 1
139373 1
139376 1
139377 1
139378 0
139379 1
139384 1
139388 0
139389 1
139395 0
139400 0
139403 2
139405 1
139412 0
139415 1
139416 0
139433 1
139443 6
139468 1
139514 1
139521 0
139523 0
139529 4
139530 0
139531 1
139532 2
139533 12
139534 0
139535 1
139536 5
139537 3
139547 1
139569 1
139582 2
139586 1
139587 2
139588 1
139589 2
139590 1
139592 0
139594 1
139596 1
139598 1
139599 1
139600 1
139602 1
139606 1
139609 2
139612 1
139615 1
139622 0
139624 0
139664 6
139679 0
139681 1
139684 0
139733 1
139759 0
139764 0
139771 0
139786 11
139930 2
140013 3
140143 1
140146 2
140157 1
140174 1
140184 6
140203 0
140266 0
140319 0
140504 1
140636 1
140639 2
140720 1
140725 1
140747 0
140754 0
140956 2
141749 1
141779 0
141784 0
141791 0
141846 0
141896 3
141970 2
142053 2
142116 1
142136 0
142240 2
142266 2
142311 1
142350 0
142366 1
143386 0
143391 0
143398 0
143978 1
144002 0
144007 0
144014 0
144227 0
144230 1
144234 2
144257 0
144270 1
144273 0
144275 1
144279 1
144282 0
144284 3
144286 1
144289 1
144291 1
144293 1
144303 2
144619 0
144626 0
144684 0
144771 3
144797 1
144800 3
145424 0
145429 0
145436 0
145442 1
145478 5
145493 0
145513 7
145541 0
145550 1
145553 1
145609 0
145615 0
145617 2
145618 2
145730 4
145809 2
145836 0
145839 0
145882 2
145887 2
145891 1
145892 0
145894 2
145897 0
145899 2
145900 1
145902 1
145906 1
145912 2
145938 1
145955 1
145964 6
145981 0
148304 0
148309 0
148316 0
151071 0
151077 0
151084 0
151090 1
151126 5
151249 0
151252 1
151257 0
151265 2
151347 3
151457 2
151480 0
151492 1
151504 1
151505 1
151520 1
151540 2
151669 3
151724 0
151746 1
151747 1
151761 1
151790 0
151797 0
151930 0
152059 2
152061 1
152089 1
152114 2
152379 0
154040 1
154063 0
154068 0
154075 0
154079 1
154273 1
154274 1
154277 1
154280 2
154285 1
154286 1
154290 1
154293 2
154298 1
154302 2
154308 1
154317 2
154321 2
154323 0
154335 1
154346 2
154366 1
154381 1
154403 0
154407 0
154414 0
154421 0
154462 0
154611 0
154614 1
154666 0
154671 1
154693 0
154697 0
154706 1
154707 1
154728 0
154738 0
154746 0
154768 0
154779 1
154806 1
155659 0
155664 0
155671 0
155677 1
155678 1
155683 0
155686 11
155721 0
155723 0
155733 0
155739 7
155815 1
155820 0
155824 2
155828 2
155908 1
155910 2
155912 1
155915 0
155982 2
155989 1
156052 3
156094 0
156623 1
156653 0
156659 0
156666 0
156672 1
156675 0
156725 0
156729 0
156731 0
156740 0
156746 7
156776 3
156778 0
156783 1
156786 1
156788 0
156834 0
156837 1
156839 2
156842 0
156844 1
156846 2
156847 0
156848 0
156850 2
156851 2
156905 1
156916 0
156931 1
156937 0
156947 0
156950 0
156951 0
156952 0
156956 0
156960 0
156961 0
156962 0
156976 0
156981 0
157104 1
157105 0
157108 2
157109 1
157122 1
157124 1
157128 0
157132 1
157134 0
157138 2
157161 1
157171 0
157172 1
157174 1
157177 1
157180 1
157181 1
157182 0
157183 1
157188 1
157192 0
157193 1
157198 3
157199 5
157200 1
157202 2
157203 0
157210 0
157225 1
157232 0
157237 3
157241 1
157248 1
157253 0
157258 0
157261 2
157262 0
157263 1
157270 0
157273 1
157274 0
157291 1
157301 6
157305 1
157311 0
157314 0
157319 4
157320 1
157321 1
157322 2
157323 12
157324 0
157325 1
157326 5
157327 3
157331 0
157332 2
157337 1
157342 2
157367 2
157369 1
157372 2
157376 1
157377 0
157378 1
157379 2
157380 1
157384 2
157386 1
157387 1
157390 1
157391 1
157392 1
157394 1
157402 2
157406 1
157409 1
157414 0
157417 0
157429 1
157431 0
157434 2
157451 1
157460 6
157475 2
157477 0
157481 1
157483 1
157485 5
157486 1
157487 0
157488 0
157489 1
157491 1
157493 0
157494 1
157511 1
157559 0
157566 0
157628 7
158007 2
158010 1
158037 0
158042 0
158049 0
158053 4
158058 0
158066 11
158108 0
158167 0
158242 1
158293 1
158298 1
158304 1
158306 3
158307 0
158317 0
158367 5
158383 0
158441 1
158449 2
158454 2
158459 1
158467 1
158497 0
158505 0
158508 0
158511 2
158528 1
158537 6
158560 1
158562 5
158563 1
158565 0
158622 0
158628 0
158635 0
158785 0
158793 2
158873 1
158988 1
159008 1
159009 0
159074 6
159289 0
159294 0
159301 0
159789 2
160044 1
160075 0
160082 0
160244 1
160378 0
160385 2
160387 1
160390 2
160400 1
160954 0
160961 0
161886 1
161909 0
161916 0
161920 0
161924 1
161969 0
161971 0
161979 0
161985 7
162010 3
162018 2
162069 0
162092 2
162117 0
162118 1
162120 1
162123 0
166478 0
166485 0
166550 7
166720 1
166751 0
166758 0
166764 1
166910 1
166912 2
166915 0
166919 2
166920 0
166923 2
167100 0
167104 1
167106 0
167135 2
167167 1
170270 1
170298 0
170305 0
172697 0
172704 0
172741 7
173111 1
173231 6
179961 0
179968 0
180126 2
180319 1
180338 1
180362 0
180367 1
180405 6
18250 1
18273 0
18278 0
18285 0
18290 1
18292 0
183231 1
183239 1
183243 2
183259 0
183266 0
183273 0
183277 4
183279 1
183282 0
183300 1
183330 0
183333 0
183380 3
183387 1
183390 1
183467 1
183473 0
183482 0
183485 0
183486 0
183487 0
183491 0
183495 0
183496 0
183497 0
183500 1
183508 0
183513 0
183530 0
183623 0
183656 0
183683 1
183694 0
183695 1
183697 1
183700 1
183703 1
183704 1
183705 0
183706 0
183710 1
183711 0
183714 0
183715 1
183720 3
183722 1
183724 2
183725 0
183732 0
183742 1
183747 1
183754 0
183759 3
183763 1
183770 1
183780 0
183781 0
183784 2
183785 0
183786 1
183787 4
183793 0
183796 1
183797 0
183814 0
183823 1
183824 6
183849 0
183850 2
183896 1
183897 1
183936 2
183938 3
183953 1
183962 6
183977 2
183979 0
183985 1
183987 5
183988 1
183989 0
183990 0
183991 1
183993 1
183995 0
18411 1
18516 1
18522 2
18527 1
18532 1
18540 1
18543 1
18544 2
18558 0
18561 1
18563 2
19935 1
19961 0
19968 0
23909 0
23916 0
24251 0
24273 1
24275 3
25328 0
25335 0
25342 0
25346 4
25358 11
25399 0
25509 2
25731 1
25807 3
25871 6
26025 1
26039 2
26054 0
26070 3
29128 1
29155 0
29162 0
29215 4
29216 0
29227 7
29256 0
29396 1
29398 0
29413 1
29414 1
29435 1
29436 1
29437 1
29438 3
29439 2
29445 0
29475 1
29479 1
3577 1
3600 0
3606 0
3613 0
38734 1
38765 0
38772 0
38781 0
3879 2
38798 0
38950 1
38997 3
39029 4
39133 2
39144 2
39823 0
39827 0
39834 0
40021 1
40991 0
40998 0
47514 1
47520 1
47542 0
47549 0
47614 1
47764 5
48126 1
48157 0
48164 0
48310 0
48313 1
48315 2
48318 0
48323 0
48326 2
48407 1
48455 4
48483 2
48484 1
48554 2
48556 1
48559 2
48570 2
48592 1
48596 1
48598 3
48599 0
48602 6
48612 1
48616 1
48617 0
48618 1
48619 1
48621 0
48622 0
48859 10
48862 1
48897 0
49735 1
49762 0
49769 0
49828 1
49916 4
53832 1
53865 0
54059 2
54064 2
54732 0
54739 0
54974 1
55008 0
55030 0
55249 1
55275 0
55282 0
