109 0
389 3
496 1
60 2
400 1
451 3
441 1
83 3
44 1
475 1
148 6
119 3
168 0
97 1
35 0
515 0
64 1
492 2
430 1
50 3
461 7
531 1
40 4
482 3
74 0
25 2
87 3
178 11
129 1
138 0
169 6
96 0
514 0
454 1
65 0
405 1
431 1
470 1
421 0
483 3
415 0
75 2
504 9
179 1
159 1
497 0
435 0
55 1
92 3
61 7
450 0
20 5
500 4
82 0
425 0
14 1
534 1
474 0
487 0
149 0
398 1
289 4
6 1
166 1
315 0
195 1
292 2
383 1
321 1
271 2
331 2
220 2
360 0
142 0
282 0
185 0
176 0
2 0
156 0
162 4
200 9
241 0
181 3
123 1
224 1
286 1
117 0
397 8
488 1
499 1
386 1
157 3
264 2
235 3
132 0
190 2
341 3
250 1
300 3
240 1
211 7
173 1
334 4
116 0
287 1
147 0
396 1
7 0
98 0
136 0
254 2
314 7
194 0
102 2
382 5
371 1
260 5
270 2
330 0
221 6
361 1
143 1
392 0
112 1
215 1
126 1
177 9
88 2
469 3
438 0
327 0
267 0
105 1
294 1
385 1
154 1
253 0
313 2
193 1
342 0
131 1
121 8
170 3
352 3
183 1
144 1
284 0
115 1
337 1
226 1
19 0
4 3
206 0
346 3
257 0
372 1
232 1
150 1
101 1
111 5
280 2
140 0
391 0
362 0
273 1
174 0
418 6
78 4
509 2
518 7
38 1
196 4
207 0
347 2
134 1
165 7
233 0
380 0
291 3
110 0
390 1
363 0
332 2
175 1
306 1
357 5
186 1
419 0
28 1
468 6
528 6
439 0
326 0
104 1
155 1
252 2
203 2
192 0
130 1
120 1
171 1
182 3
145 0
394 3
114 3
227 1
367 1
429 0
18 2
478 11
319 0
208 0
37 0
95 5
463 1
432 0
490 2
480 1
42 3
422 0
533 0
473 1
447 1
76 2
249 0
436 6
467 0
527 2
494 0
33 0
513 0
62 0
81 1
412 1
72 0
443 0
23 0
17 0
477 9
368 1
279 1
379 0
57 2
466 0
32 4
403 1
413 1
485 1
536 1
16 2
476 0
427 0
369 2
278 4
338 0
209 0
67 1
407 1
516 0
456 0
522 1
43 2
84 0
446 1
26 2
417 1
188 2
308 2
