139491 1
118150 1
12322 0
105233 2
10336 1
137703 12
156776 1
183714 0
139433 1
118263 1
156694 1
12347 9
154707 1
10302 2
161985 8
156653 1
137925 1
128440 1
139734 0
118197 1
158563 2
139547 1
118257 1
125408 1
183720 3
162092 3
118459 1
29438 1
112142 9
106442 0
160317 0
125317 0
125135 1
160075 0
117794 2
154298 1
157220 1
112176 0
120885 1
25779 4
120936 1
157305 1
125290 1
157084 0
183239 1
170298 0
48859 9
112204 9
120765 0
157195 0
10468 3
106437 2
117743 0
159074 7
120611 2
166478 0
157261 0
120640 0
157321 1
118939 0
29479 1
125247 1
104994 0
106403 1
48313 1
138878 2
183730 1
139786 12
155659 1
183761 1
125509 1
118216 2
154746 0
139664 6
105097 1
10312 5
156851 2
10252 1
183683 1
139532 1
118222 1
106268 0
55295 9
12390 5
157628 8
183704 1
139590 1
137653 1
156834 0
128524 1
145546 1
118000 1
142266 2
145894 1
105203 3
105192 3
142306 1
137921 1
156746 8
151126 5
111643 1
10306 1
183724 1
139403 0
156931 1
139615 1
155989 1
105015 12
125529 1
138949 0
110739 0
125438 1
105044 4
155739 8
10281 1
118267 1
183953 1
19961 0
139379 1
133722 1
112123 0
162140 1
160045 0
125294 4
157301 7
157181 1
12579 3
160385 1
154079 1
120631 0
117831 1
121819 2
106417 1
157397 1
104973 0
120906 1
138203 1
144284 3
162065 5
10508 1
10419 0
47514 1
117992 0
3606 0
157325 1
120615 2
49735 1
48459 0
157387 1
104990 1
12429 3
125395 2
120862 1
112200 8
125284 3
162010 3
141846 0
12819 0
117955 1
18250 1
12908 1
148304 1
120891 1
10291 12
29216 1
183700 1
48323 0
105145 3
139536 5
26039 2
110778 2
105005 1
12336 4
110888 1
118395 6
139594 2
145513 8
158670 8
118284 3
10322 3
137954 1
183462 1
106089 1
124962 0
118303 1
183977 1
161933 9
128627 1
10256 1
137931 0
183796 1
105213 0
137860 2
183787 3
10356 8
113747 5
118130 0
183995 0
10307 8
107034 0
158537 6
137681 0
183725 0
157489 1
25335 0
145442 1
118044 1
10273 0
158873 1
10362 1
156691 1
105014 9
29256 0
110738 1
113411 9
155678 1
10280 1
125377 1
148315 1
12859 7
133723 0
118439 3
157122 1
117804 3
160044 1
160104 1
112180 1
117830 2
48559 2
117970 2
112287 3
106416 1
151669 3
10509 3
120604 1
120907 1
125161 0
157225 2
110371 1
157264 3
47515 0
10548 1
157324 0
120946 3
120857 3
117781 0
183259 1
159045 1
159294 0
117772 0
157386 2
121808 2
141880 2
112297 1
117723 4
154068 0
120863 1
112310 3
110355 1
157132 1
29448 2
12849 1
117845 8
18251 0
106432 1
120890 1
10290 9
145730 3
105055 1
139537 3
105144 1
125538 1
152059 1
158793 2
118367 1
156672 1
145891 1
154666 0
156623 1
137955 0
154421 0
139443 7
105030 1
105170 2
145615 1
118213 2
158467 2
151077 0
183985 1
12303 1
172773 0
159789 3
105232 1
111623 1
118040 8
145506 0
142366 3
137702 9
183715 1
10284 2
128486 9
133178 2
118233 3
19935 1
29155 0
183991 1
10303 2
154706 1
139764 0
105206 0
118165 5
111586 1
137924 2
128441 0
145902 1
158562 6
125518 2
55030 0
125458 1
113530 0
183962 6
125549 1
139406 3
151090 1
117766 0
157392 1
112143 12
29439 2
125347 0
166919 2
117974 1
112283 2
125134 4
120651 9
117684 0
117987 0
159362 0
117896 3
138197 2
117795 3
162120 1
125322 1
117800 3
157177 1
120877 1
183279 1
10539 1
173231 7
10428 0
141750 0
120826 2
106484 1
10568 2
125281 0
10438 0
160390 2
157205 1
120764 2
120867 2
180362 0
120686 0
117713 0
112136 2
121838 1
110334 0
18292 0
144291 1
47511 1
117997 0
39801 1
157320 1
112102 0
117964 0
118419 1
117727 0
117824 1
117875 1
183731 4
29227 8
140174 1
145912 2
105174 3
138968 8
105187 1
124506 1
10313 0
29394 0
107342 1
156850 2
105140 1
124953 1
183754 0
118272 1
151265 2
128616 3
105051 0
48326 2
139600 1
137712 1
118281 2
10327 0
183467 1
105222 3
156835 0
118001 4
10417 2
151504 1
121846 1
121745 9
154321 2
166751 0
158367 6
121817 1
112119 1
166912 2
38781 0
183272 1
118436 0
12947 2
170271 0
117708 1
111315 2
139377 1
158242 1
125436 1
155677 1
122087 1
118269 0
106363 1
110974 3
139468 2
18411 1
110925 0
154768 1
111628 6
105239 1
12379 2
133091 1
125614 6
183938 3
157486 2
145909 1
110752 1
106186 9
125402 3
10248 0
125620 1
106064 1
157475 1
156659 0
10359 1
10349 1
133235 1
138881 1
10318 2
10258 2
125412 2
158528 1
125443 2
106380 1
12369 8
125604 1
39133 2
53832 1
12338 1
157451 1
110785 12
157511 1
133190 2
106291 5
124909 12
118279 4
161909 1
133132 0
155824 2
121621 1
10491 0
132681 1
125279 1
118426 1
12654 3
183380 1
10433 0
132971 3
157109 2
112298 2
158237 1
140720 1
112158 1
157389 0
124183 1
124212 0
139171 0
120918 3
143979 0
10547 2
118933 1
151747 1
10567 1
48484 2
112178 1
139373 1
10485 2
106429 1
12751 1
139233 1
112129 1
10605 1
10594 1
121664 4
10502 1
10442 0
151930 0
10413 2
38950 1
121953 0
121741 9
125348 0
29436 1
118457 3
119135 1
138866 1
118208 3
12318 1
133270 1
167104 1
18555 1
125523 0
125610 1
125581 1
10369 3
156729 1
156739 0
113739 1
106295 0
125562 3
125422 1
110820 0
155723 0
119000 6
144797 1
13035 1
133231 2
105188 3
106070 2
106252 0
133153 1
118218 1
18460 5
125358 1
139357 1
154335 1
118447 1
125309 0
48402 1
121803 0
151790 0
158011 0
138099 0
48863 0
183343 0
117998 1
154286 1
117889 1
104969 0
10512 1
12481 0
121674 9
121837 1
12741 1
166720 1
183266 0
132835 1
154063 1
10437 1
10426 0
151746 1
120879 1
151486 1
12432 1
183277 4
158307 0
10484 4
12750 0
12641 1
121826 1
166923 2
10604 1
10503 1
12797 1
183243 2
156052 2
139075 2
12735 1
180319 1
132560 2
12867 2
113361 1
111324 0
29437 1
125407 1
133002 1
157483 1
118209 0
110914 3
111619 1
122045 1
12348 12
140319 0
125522 1
158449 1
106366 3
106395 1
10279 4
133094 2
155982 2
156779 1
10368 1
125640 1
110992 1
10269 0
106385 1
125601 1
10329 1
106376 1
133137 0
18544 0
105098 3
105249 1
133230 1
157460 6
122004 1
157493 0
161969 0
118308 1
155815 1
118446 1
140725 0
121750 3
125359 1
154274 1
118417 1
151540 2
117999 1
48862 1
151762 0
158010 1
10542 1
132851 0
10453 0
138218 1
113382 2
10513 0
104968 1
12884 2
121675 12
121976 2
106469 1
120688 1
157138 3
118423 1
166721 0
106438 1
158317 0
29413 1
154300 1
132684 1
112169 4
118953 2
139391 0
121894 1
132974 5
10467 1
10576 1
10436 1
154382 0
154293 2
118973 0
10447 1
12542 1
151505 1
157398 1
118980 9
121744 1
133748 0
123581 0
121816 0
10473 0
25871 7
183333 1
10422 1
141859 0
111345 9
10591 1
12494 0
166764 1
170270 1
125268 1
154314 1
121630 0
125577 1
125466 1
139529 4
144771 3
154769 1
105238 0
39033 0
133241 3
154738 1
167135 2
125615 2
143391 0
155685 9
133090 1
157487 1
155910 2
125512 1
125452 1
55249 1
25399 0
10309 2
145478 5
24275 2
106065 0
10358 2
145429 0
156708 2
110811 2
145809 2
128628 0
106086 2
24251 0
105228 0
122034 2
53833 0
13115 1
110784 9
154779 1
118229 1
18540 1
133162 1
110874 1
118278 2
106372 1
10490 0
12484 1
117719 1
10581 6
12816 0
125278 0
183232 0
121682 1
10572 1
123556 0
132830 1
151492 2
48407 1
157108 2
118413 0
121806 1
12822 3
121754 3
112159 8
140721 0
106408 2
10457 1
143978 1
124242 0
166920 0
121666 1
10596 1
10487 1
12910 1
154313 1
12753 0
158066 12
162119 1
3838 1
132635 1
158037 1
106489 1
151990 0
154267 1
113362 0
12767 4
121951 0
151413 5
132563 1
132590 9
12685 1
12794 0
111294 1
183300 1
137929 1
24110 1
18563 2
110857 3
133141 1
18532 1
180405 7
110793 1
106116 9
125612 1
125583 3
138850 0
125430 1
26070 3
138910 12
107009 2
10289 2
113449 1
138951 5
183759 1
138900 1
18516 3
158988 1
10299 1
110822 1
125420 1
157406 1
122062 1
133087 1
110991 1
143386 1
26054 1
155956 5
18522 3
110744 0
125505 2
105179 2
137939 1
138887 0
144800 3
158042 0
10450 1
140504 1
158293 0
132611 8
141779 1
151761 1
48622 0
29475 1
154366 1
121850 1
118997 8
154277 1
12874 3
48616 1
157319 4
162018 2
121685 1
157208 1
10464 1
121864 1
10497 6
121975 2
12652 0
158345 0
38735 0
48554 1
12831 1
3578 0
166910 1
121815 2
113366 7
159289 1
18278 0
118451 1
154290 2
12401 0
154041 0
10415 3
158007 1
154381 1
12497 2
12805 0
117809 0
132631 0
48602 6
125389 1
183330 0
139759 1
139588 0
125587 6
125616 1
155686 12
40991 0
110894 0
110797 2
110764 0
119016 0
26025 2
12388 0
133060 1
122013 2
125622 0
110942 1
106095 0
125511 0
125451 1
25328 1
157494 2
145618 2
138930 8
183988 2
106371 1
125424 1
26035 1
152114 1
160954 0
29129 0
106293 0
125597 1
139609 2
139598 1
157402 2
125399 1
183231 1
125288 0
121982 1
48612 1
123555 1
141749 1
48570 1
121971 1
29445 0
139334 3
117959 1
140747 0
118424 1
29414 1
25807 1
132755 2
10454 1
132644 0
118960 0
154280 3
10514 2
157378 1
154273 2
121706 4
118410 1
12830 1
159008 1
12861 1
111322 5
10505 2
154040 1
10445 1
10414 1
25412 0
10482 1
154316 1
183282 0
12756 3
121820 2
117808 2
179961 0
48592 1
10471 5
48483 2
139589 1
13047 1
125524 1
111518 0
106360 2
48179 9
156848 1
125623 2
125541 1
151249 0
106354 1
133055 1
155912 0
157485 6
125500 1
107028 1
18527 1
183989 1
119180 2
155664 0
133131 1
110827 1
125534 2
18542 1
133160 1
110775 1
29128 1
133193 1
139599 0
125607 0
12424 9
125058 2
110359 0
25731 1
154217 5
12486 2
118425 3
183383 1
121622 0
10492 1
148309 0
10544 1
120649 0
10455 1
157239 1
157379 1
151457 2
12871 1
121804 0
123593 1
12820 0
139321 2
10486 1
118460 1
121636 1
10475 0
162118 2
112188 8
112248 5
48596 1
12766 1
29435 1
121653 0
121713 0
117978 1
12684 2
123574 2
132591 12
12896 1
113390 0
111295 0
12795 1
10441 1
158053 4
124899 1
110466 1
24273 1
118169 0
157481 1
105168 1
125514 1
110947 0
155683 0
25358 12
10288 0
142119 5
18556 1
125520 2
125530 1
107109 8
18406 1
133135 0
125603 1
106387 1
158628 0
156839 2
106107 1
145899 3
133150 5
157491 1
106311 0
110906 1
105178 0
122006 3
29398 0
13036 1
154285 1
124184 0
10511 3
12505 4
158383 0
132581 1
118934 0
117968 1
121851 1
106498 1
166550 8
157258 0
12420 9
10525 1
132976 0
157209 4
157198 3
154302 1
120898 2
38765 0
10496 2
38734 1
183387 0
139681 1
118191 6
137981 0
113744 0
48127 0
156847 0
105250 3
105081 2
161892 0
105190 1
137923 6
145424 1
183784 0
105046 3
156783 0
119109 5
10283 0
110869 2
12297 0
119018 1
29315 0
105157 1
10361 5
145882 1
122029 1
145550 0
13048 2
113630 0
125618 1
139586 0
120870 2
125387 7
139388 0
112212 1
160387 1
120773 0
157183 1
120780 0
140499 1
117755 2
157337 1
117980 0
117683 1
132908 3
117792 1
158118 0
144286 1
120844 1
120747 0
158058 0
144275 1
117833 8
112115 1
112105 2
121648 1
117823 1
144234 2
125350 3
120854 1
110333 1
157236 0
120757 1
157376 1
158108 1
54975 0
157327 3
125123 1
120893 1
157082 5
125117 1
157342 2
120623 2
157202 1
157193 1
118286 2
10260 1
139607 1
139596 2
10320 4
137744 1
128522 0
156731 1
139534 0
105147 5
183613 5
118224 1
183850 1
10293 1
155828 2
133239 1
183897 1
111591 2
105211 0
113585 3
158497 1
139930 2
10254 2
105240 1
48315 2
118350 2
151347 3
142136 0
118210 5
183747 2
23909 0
142116 3
140013 3
113447 0
19936 0
145964 6
118261 2
105102 0
10334 1
139582 2
154671 1
133188 1
10365 3
156725 0
144638 9
158470 0
139514 1
105027 2
154614 1
152089 1
124515 6
142240 2
118026 2
137927 1
183500 1
10240 1
154806 1
137976 1
120603 1
117796 1
162123 1
120652 12
144002 1
157273 1
120811 5
112111 1
160315 5
157111 1
144271 0
157391 0
112140 0
125344 0
157247 0
112096 1
106487 1
125152 1
120637 1
117751 1
121639 1
183289 9
160261 1
106474 6
117803 2
117813 1
112135 1
10499 1
173111 1
138221 3
121899 1
112206 1
48618 1
112257 1
110352 2
106401 1
117775 1
49762 0
125305 1
141784 0
12668 1
140639 2
144230 1
180126 2
3600 1
125127 2
157232 0
54732 0
120850 2
104965 1
157372 2
10310 6
161886 1
124886 0
137966 2
110539 0
105244 1
55250 0
10250 2
140184 6
118176 1
118214 1
139415 1
151252 1
128526 1
105221 1
106108 1
128466 0
156675 0
10264 1
133258 1
10324 3
156624 0
12392 1
183706 0
158454 2
139530 1
154403 1
183746 0
139521 0
118231 3
118320 2
183717 0
158505 0
157559 0
54059 2
10275 1
55275 0
139612 1
145887 2
137852 6
161924 1
124864 1
139684 0
118205 1
158560 1
145900 2
118345 1
119029 8
12315 2
118167 0
183781 0
118027 0
118136 4
183993 1
142350 1
10241 0
138898 4
10301 1
104974 0
157332 1
112272 2
157272 1
12739 1
117735 12
141896 1
112110 2
104987 2
18273 1
144270 1
166498 9
157390 1
112141 2
39827 0
48598 3
125293 1
112097 0
120875 1
120935 1
10488 0
157124 2
117942 2
121729 8
25509 2
10599 0
125270 0
106465 1
112134 1
117952 0
138002 12
132688 0
120626 1
138220 1
125143 3
38798 0
132978 0
48619 1
117774 5
106400 1
12778 1
157380 1
157291 1
144231 1
160244 1
117725 1
157262 0
117696 1
120643 1
157322 1
120940 1
120851 1
47542 0
144293 1
18290 1
137967 2
29396 1
161887 0
151071 1
125639 1
142311 1
105185 1
105176 3
155908 1
119179 1
145910 1
118215 2
48310 0
118304 1
105067 8
172697 0
145493 0
139414 1
111536 1
156837 1
151154 0
12331 1
124530 1
48157 0
118003 2
106109 0
157409 1
106389 1
10265 1
156926 1
25346 4
105053 1
139531 1
107047 1
145767 0
161971 1
105162 6
145955 1
183727 1
139400 0
183824 7
139622 0
156846 2
48126 1
10305 1
154611 0
124510 1
106129 2
10354 4
183785 0
139733 1
183482 0
10282 1
111516 5
183742 1
154407 0
118235 0
142053 2
10360 9
12325 0
10331 1
139389 1
112213 3
39823 1
125324 1
125264 1
144007 0
117981 1
157367 1
141970 2
138162 1
3577 1
125310 2
132568 0
117962 0
157104 1
121649 1
112155 2
49736 0
157384 2
47764 6
117873 3
125180 0
125211 2
157237 1
54974 1
117692 2
117991 2
157326 5
112161 6
154308 1
157161 1
12719 1
159022 0
40021 1
125287 1
106492 0
120762 1
157192 0
157203 0
125396 1
139606 1
110508 5
10261 2
118287 6
137654 0
10321 0
118147 2
158622 1
10370 0
13119 1
140146 2
139535 1
105006 1
154697 0
29215 5
183896 2
118033 0
156947 0
10344 8
105210 2
144619 0
111601 1
156916 0
133269 2
157579 9
183987 6
10255 2
145617 2
